Read TestData
TestDataLength: 3072
Start of TEST
T;BPM
0;60
0.03;60
0.06;60
0.09;60
0.12;60
0.15;60
0.18;60
0.21;60
0.24;60
0.27;60
0.3;60
0.33;60
0.36;60
0.39;60
0.42;60
0.45;60
0.48;60
0.51;60
0.54;60
0.57;60
0.6;60
0.63;60
0.66;60
0.69;60
0.72;60
0.75;60
0.78;60
0.81;60
0.84;60
0.87;60
0.9;60
0.93;60
0.96;60
0.99;60
1.02;60
1.05;60
1.08;60
1.11;60
1.14;60
1.17;60
1.2;60
1.23;60
1.26;60
1.29;60
1.32;60
1.35;60
1.38;60
1.41;60
1.44;50
1.47;50
1.5;45
1.53;42
1.56;41
1.59;40
1.62;40
1.65;40
1.68;40
1.71;40
1.74;40
1.77;40
1.8;40
1.83;40
1.86;40
1.89;40
1.92;40
1.95;40
1.98;40
2.01;40
2.04;40
2.07;40
2.1;40
2.13;40
2.16;40
2.19;40
2.22;40
2.25;40
2.28;40
2.31;40
2.34;40
2.37;40
2.4;46
2.43;46
2.46;48
2.49;49
2.52;49
2.55;49
2.58;49
2.61;52
2.64;53
2.67;53
2.7;53
2.73;53
2.76;53
2.79;53
2.82;53
2.85;53
2.88;53
2.91;53
2.94;53
2.97;53
3;53
3.03;53
3.06;53
3.09;53
3.12;53
3.15;53
3.18;53
3.21;53
3.24;53
3.27;53
3.3;53
3.33;53
3.36;53
3.39;53
3.42;54
3.45;54
3.48;54
3.51;54
3.54;54
3.57;54
3.6;54
3.63;55
3.66;55
3.69;55
3.72;55
3.75;55
3.78;55
3.81;55
3.84;55
3.87;55
3.9;55
3.93;55
3.96;55
3.99;55
4.02;55
4.05;55
4.08;55
4.11;55
4.14;55
4.17;55
4.2;55
4.23;55
4.26;55
4.29;55
4.32;55
4.35;55
4.38;55
4.41;55
4.44;55
4.47;55
4.5;55
4.53;55
4.56;55
4.59;55
4.62;56
4.65;56
4.68;56
4.71;56
4.74;56
4.77;56
4.8;56
4.83;56
4.86;56
4.89;56
4.92;56
4.95;56
4.98;56
5.01;56
5.04;56
5.07;56
5.1;56
5.13;56
5.16;56
5.19;56
5.22;56
5.25;56
5.28;56
5.31;56
5.34;56
5.37;56
5.4;56
5.43;56
5.46;56
5.49;56
5.52;56
5.55;57
5.58;57
5.61;57
5.64;57
5.67;57
5.7;57
5.73;57
5.76;57
5.79;57
5.82;57
5.85;57
5.88;57
5.91;57
5.94;57
5.97;57
6;57
6.03;57
6.06;57
6.09;57
6.12;57
6.15;57
6.18;57
6.21;57
6.24;57
6.27;57
6.3;57
6.33;57
6.36;57
6.39;57
6.42;57
6.45;57
6.48;58
6.51;58
6.54;58
6.57;58
6.6;58
6.63;58
6.66;58
6.69;58
6.72;58
6.75;58
6.78;58
6.81;58
6.84;58
6.87;58
6.9;58
6.93;58
6.96;58
6.99;58
7.02;58
7.05;58
7.08;58
7.11;58
7.14;58
7.17;58
7.2;58
7.23;58
7.26;58
7.29;58
7.32;58
7.35;58
7.38;58
7.41;58
7.44;58
7.47;58
7.5;58
7.53;58
7.56;58
7.59;58
7.62;58
7.65;58
7.68;58
7.71;58
7.74;58
7.77;58
7.8;58
7.83;58
7.86;58
7.89;58
7.92;58
7.95;58
7.98;58
8.01;58
8.04;58
8.07;58
8.1;58
8.13;58
8.16;58
8.19;58
8.22;58
8.25;58
8.28;58
8.31;58
8.34;58
8.37;58
8.4;58
8.43;58
8.46;58
8.49;58
8.52;58
8.55;57
8.58;57
8.61;57
8.64;57
8.67;57
8.7;57
8.73;57
8.76;57
8.79;57
8.82;57
8.85;57
8.88;57
8.91;57
8.94;57
8.97;57
9;57
9.03;57
9.06;57
9.09;57
9.12;57
9.15;57
9.18;57
9.21;57
9.24;57
9.27;57
9.3;57
9.33;57
9.36;57
9.39;57
9.42;57
9.45;57
9.48;57
9.51;57
9.54;57
9.57;57
9.6;57
9.63;57
9.66;57
9.69;56
9.72;56
9.75;56
9.78;56
9.81;56
9.84;56
9.87;56
9.9;56
9.93;56
9.96;56
9.99;56
10.02;56
10.05;56
10.08;56
10.11;56
10.14;56
10.17;56
10.2;56
10.23;56
10.26;56
10.29;56
10.32;56
10.35;56
10.38;56
10.41;56
10.44;56
10.47;56
10.5;56
10.53;56
10.56;56
10.59;56
10.62;56
10.65;56
10.68;56
10.71;56
10.74;56
10.77;56
10.8;56
10.83;56
10.86;56
10.89;56
10.92;56
10.95;56
10.98;56
11.01;56
11.04;56
11.07;56
11.1;56
11.13;56
11.16;56
11.19;56
11.22;56
11.25;56
11.28;56
11.31;56
11.34;56
11.37;56
11.4;56
11.43;56
11.46;56
11.49;56
11.52;56
11.55;56
11.58;56
11.61;56
11.64;56
11.67;56
11.7;56
11.73;55
11.76;55
11.79;55
11.82;55
11.85;55
11.88;55
11.91;55
11.94;55
11.97;55
12;55
12.03;55
12.06;55
12.09;55
12.12;55
12.15;55
12.18;55
12.21;55
12.24;55
12.27;55
12.3;55
12.33;55
12.36;55
12.39;55
12.42;55
12.45;55
12.48;55
12.51;55
12.54;55
12.57;55
12.6;55
12.63;55
12.66;55
12.69;55
12.72;55
12.75;55
12.78;55
12.81;55
12.84;55
12.87;55
12.9;55
12.93;55
12.96;55
12.99;55
13.02;55
13.05;55
13.08;55
13.11;55
13.14;55
13.17;55
13.2;55
13.23;55
13.26;55
13.29;55
13.32;55
13.35;55
13.38;57
13.41;57
13.44;57
13.47;57
13.5;57
13.53;57
13.56;57
13.59;57
13.62;57
13.65;57
13.68;57
13.71;57
13.74;57
13.77;57
13.8;57
13.83;57
13.86;57
13.89;57
13.92;57
13.95;57
13.98;57
14.01;57
14.04;57
14.07;57
14.1;57
14.13;57
14.16;57
14.19;57
14.22;57
14.25;57
14.28;57
14.31;57
14.34;57
14.37;57
14.4;57
14.43;57
14.46;57
14.49;57
14.52;57
14.55;57
14.58;57
14.61;57
14.64;57
14.67;57
14.7;57
14.73;57
14.76;57
14.79;57
14.82;57
14.85;57
14.88;57
14.91;57
14.94;57
14.97;57
15;57
15.03;57
15.06;57
15.09;57
15.12;57
15.15;57
15.18;57
15.21;57
15.24;57
15.27;57
15.3;57
15.33;57
15.36;57
15.39;57
15.42;57
15.45;57
15.48;57
15.51;57
15.54;57
15.57;57
15.6;57
15.63;57
15.66;57
15.69;57
15.72;57
15.75;57
15.78;57
15.81;57
15.84;57
15.87;57
15.9;57
15.93;57
15.96;57
15.99;57
16.02;57
16.05;57
16.08;57
16.11;57
16.14;57
16.17;57
16.2;57
16.23;57
16.26;57
16.29;57
16.32;57
16.35;57
16.38;57
16.41;57
16.44;57
16.47;57
16.5;57
16.53;57
16.56;57
16.59;57
16.62;57
16.65;57
16.68;57
16.71;57
16.74;57
16.77;57
16.8;57
16.83;57
16.86;57
16.89;57
16.92;57
16.95;57
16.98;57
17.01;57
17.04;57
17.07;57
17.1;57
17.13;57
17.16;57
17.19;57
17.22;57
17.25;57
17.28;57
17.31;57
17.34;57
17.37;57
17.4;57
17.43;57
17.46;57
17.49;57
17.52;57
17.55;57
17.58;57
17.61;57
17.64;57
17.67;57
17.7;57
17.73;57
17.76;57
17.79;57
17.82;57
17.85;57
17.88;57
17.91;57
17.94;57
17.97;57
18;57
18.03;57
18.06;57
18.09;57
18.12;57
18.15;57
18.18;57
18.21;57
18.24;57
18.27;57
18.3;57
18.33;57
18.36;57
18.39;57
18.42;57
18.45;57
18.48;57
18.51;57
18.54;57
18.57;58
18.6;58
18.63;58
18.66;58
18.69;58
18.72;58
18.75;58
18.78;58
18.81;58
18.84;58
18.87;58
18.9;58
18.93;58
18.96;58
18.99;58
19.02;58
19.05;58
19.08;58
19.11;58
19.14;58
19.17;58
19.2;58
19.23;58
19.26;58
19.29;58
19.32;58
19.35;58
19.38;58
19.41;58
19.44;58
19.47;58
19.5;58
19.53;58
19.56;58
19.59;58
19.62;58
19.65;58
19.68;58
19.71;58
19.74;58
19.77;58
19.8;58
19.83;58
19.86;58
19.89;58
19.92;58
19.95;58
19.98;58
20.01;58
20.04;58
20.07;58
20.1;58
20.13;58
20.16;58
20.19;58
20.22;58
20.25;58
20.28;58
20.31;58
20.34;58
20.37;58
20.4;58
20.43;58
20.46;58
20.49;58
20.52;58
20.55;58
20.58;58
20.61;58
20.64;58
20.67;58
20.7;58
20.73;58
20.76;58
20.79;58
20.82;58
20.85;58
20.88;58
20.91;58
20.94;58
20.97;58
21;58
21.03;58
21.06;58
21.09;58
21.12;58
21.15;58
21.18;58
21.21;58
21.24;58
21.27;58
21.3;58
21.33;58
21.36;58
21.39;58
21.42;58
21.45;58
21.48;58
21.51;58
21.54;58
21.57;58
21.6;58
21.63;58
21.66;58
21.69;58
21.72;58
21.75;58
21.78;58
21.81;58
21.84;58
21.87;58
21.9;58
21.93;58
21.96;58
21.99;58
22.02;58
22.05;58
22.08;58
22.11;58
22.14;58
22.17;58
22.2;58
22.23;58
22.26;58
22.29;58
22.32;58
22.35;58
22.38;58
22.41;58
22.44;58
22.47;58
22.5;58
22.53;58
22.56;58
22.59;58
22.62;58
22.65;58
22.68;58
22.71;58
22.74;58
22.77;58
22.8;58
22.83;58
22.86;58
22.89;58
22.92;58
22.95;58
22.98;58
23.01;58
23.04;58
23.07;58
23.1;58
23.13;58
23.16;58
23.19;58
23.22;58
23.25;58
23.28;58
23.31;58
23.34;58
23.37;58
23.4;58
23.43;58
23.46;58
23.49;58
23.52;58
23.55;58
23.58;58
23.61;58
23.64;58
23.67;58
23.7;58
23.73;58
23.76;58
23.79;58
23.82;58
23.85;58
23.88;58
23.91;58
23.94;58
23.97;58
24;58
24.03;58
24.06;58
24.09;58
24.12;58
24.15;58
24.18;58
24.21;58
24.24;58
24.27;58
24.3;58
24.33;58
24.36;58
24.39;58
24.42;58
24.45;58
24.48;58
24.51;58
24.54;58
24.57;58
24.6;58
24.63;58
24.66;58
24.69;58
24.72;58
24.75;58
24.78;58
24.81;58
24.84;58
24.87;58
24.9;58
24.93;58
24.96;58
24.99;58
25.02;58
25.05;58
25.08;58
25.11;58
25.14;58
25.17;58
25.2;58
25.23;58
25.26;58
25.29;58
25.32;58
25.35;58
25.38;58
25.41;58
25.44;58
25.47;58
25.5;59
25.53;59
25.56;59
25.59;59
25.62;59
25.65;59
25.68;59
25.71;59
25.74;59
25.77;59
25.8;59
25.83;59
25.86;59
25.89;59
25.92;59
25.95;59
25.98;59
26.01;59
26.04;59
26.07;59
26.1;59
26.13;59
26.16;59
26.19;59
26.22;59
26.25;59
26.28;59
26.31;59
26.34;59
26.37;59
26.4;59
26.43;59
26.46;59
26.49;59
26.52;58
26.55;58
26.58;58
26.61;58
26.64;58
26.67;58
26.7;58
26.73;58
26.76;58
26.79;58
26.82;58
26.85;58
26.88;58
26.91;58
26.94;58
26.97;58
27;58
27.03;58
27.06;58
27.09;58
27.12;58
27.15;58
27.18;58
27.21;58
27.24;58
27.27;58
27.3;58
27.33;58
27.36;58
27.39;58
27.42;58
27.45;58
27.48;58
27.51;58
27.54;58
27.57;58
27.6;58
27.63;58
27.66;58
27.69;58
27.72;58
27.75;58
27.78;58
27.81;58
27.84;58
27.87;58
27.9;58
27.93;58
27.96;58
27.99;58
28.02;58
28.05;58
28.08;58
28.11;58
28.14;58
28.17;58
28.2;58
28.23;58
28.26;58
28.29;58
28.32;58
28.35;58
28.38;58
28.41;58
28.44;58
28.47;58
28.5;58
28.53;58
28.56;58
28.59;58
28.62;58
28.65;58
28.68;58
28.71;58
28.74;58
28.77;58
28.8;58
28.83;58
28.86;58
28.89;58
28.92;58
28.95;58
28.98;58
29.01;58
29.04;58
29.07;58
29.1;58
29.13;58
29.16;58
29.19;58
29.22;58
29.25;58
29.28;58
29.31;58
29.34;58
29.37;58
29.4;58
29.43;58
29.46;58
29.49;58
29.52;58
29.55;58
29.58;58
29.61;58
29.64;58
29.67;58
29.7;58
29.73;58
29.76;58
29.79;58
29.82;58
29.85;58
29.88;58
29.91;58
29.94;58
29.97;58
30;58
30.03;58
30.06;58
30.09;58
30.12;58
30.15;59
30.18;59
30.21;59
30.24;59
30.27;59
30.3;59
30.33;59
30.36;59
30.39;59
30.42;59
30.45;59
30.48;59
30.51;59
30.54;59
30.57;59
30.6;59
30.63;59
30.66;59
30.69;59
30.72;59
30.75;59
30.78;59
30.81;59
30.84;59
30.87;59
30.9;59
30.93;59
30.96;59
30.99;59
31.02;59
31.05;59
31.08;59
31.11;59
31.14;59
31.17;59
31.2;59
31.23;59
31.26;59
31.29;59
31.32;59
31.35;59
31.38;59
31.41;59
31.44;59
31.47;59
31.5;59
31.53;59
31.56;59
31.59;59
31.62;59
31.65;59
31.68;59
31.71;59
31.74;59
31.77;59
31.8;59
31.83;59
31.86;59
31.89;59
31.92;59
31.95;59
31.98;59
32.01;59
32.04;59
32.07;60
32.1;60
32.13;60
32.16;60
32.19;60
32.22;60
32.25;60
32.28;60
32.31;60
32.34;60
32.37;60
32.4;60
32.43;60
32.46;60
32.49;60
32.52;60
32.55;60
32.58;60
32.61;60
32.64;60
32.67;60
32.7;60
32.73;60
32.76;60
32.79;60
32.82;60
32.85;60
32.88;60
32.91;60
32.94;60
32.97;60
33;60
33.03;60
33.06;60
33.09;60
33.12;60
33.15;60
33.18;60
33.21;60
33.24;60
33.27;60
33.3;60
33.33;60
33.36;60
33.39;60
33.42;60
33.45;60
33.48;60
33.51;60
33.54;60
33.57;60
33.6;60
33.63;60
33.66;60
33.69;60
33.72;60
33.75;60
33.78;60
33.81;60
33.84;60
33.87;60
33.9;60
33.93;60
33.96;60
33.99;60
34.02;60
34.05;60
34.08;60
34.11;60
34.14;60
34.17;60
34.2;60
34.23;60
34.26;60
34.29;60
34.32;60
34.35;60
34.38;60
34.41;60
34.44;60
34.47;60
34.5;60
34.53;60
34.56;60
34.59;60
34.62;60
34.65;60
34.68;60
34.71;60
34.74;60
34.77;60
34.8;60
34.83;60
34.86;60
34.89;60
34.92;60
34.95;60
34.98;60
35.01;60
35.04;60
35.07;60
35.1;60
35.13;60
35.16;60
35.19;60
35.22;60
35.25;60
35.28;60
35.31;60
35.34;60
35.37;60
35.4;60
35.43;60
35.46;60
35.49;60
35.52;60
35.55;60
35.58;60
35.61;60
35.64;60
35.67;60
35.7;60
35.73;60
35.76;60
35.79;60
35.82;60
35.85;60
35.88;60
35.91;60
35.94;60
35.97;60
36;60
36.03;60
36.06;60
36.09;60
36.12;60
36.15;60
36.18;60
36.21;60
36.24;60
36.27;60
36.3;60
36.33;60
36.36;60
36.39;60
36.42;60
36.45;60
36.48;60
36.51;60
36.54;60
36.57;60
36.6;60
36.63;60
36.66;60
36.69;60
36.72;60
36.75;60
36.78;60
36.81;60
36.84;60
36.87;60
36.9;60
36.93;60
36.96;60
36.99;60
37.02;60
37.05;60
37.08;60
37.11;60
37.14;60
37.17;60
37.2;60
37.23;60
37.26;60
37.29;60
37.32;60
37.35;60
37.38;60
37.41;60
37.44;60
37.47;60
37.5;60
37.53;60
37.56;60
37.59;60
37.62;60
37.65;60
37.68;60
37.71;60
37.74;60
37.77;60
37.8;60
37.83;60
37.86;60
37.89;60
37.92;60
37.95;60
37.98;60
38.01;60
38.04;60
38.07;60
38.1;60
38.13;60
38.16;60
38.19;60
38.22;60
38.25;60
38.28;60
38.31;60
38.34;60
38.37;60
38.4;60
38.43;60
38.46;60
38.49;60
38.52;60
38.55;60
38.58;60
38.61;60
38.64;60
38.67;60
38.7;60
38.73;60
38.76;60
38.79;60
38.82;60
38.85;60
38.88;60
38.91;60
38.94;60
38.97;60
39;60
39.03;60
39.06;60
39.09;60
39.12;60
39.15;60
39.18;60
39.21;60
39.24;60
39.27;60
39.3;60
39.33;60
39.36;60
39.39;60
39.42;60
39.45;60
39.48;60
39.51;60
39.54;60
39.57;60
39.6;60
39.63;60
39.66;60
39.69;60
39.72;60
39.75;60
39.78;60
39.81;60
39.84;60
39.87;60
39.9;60
39.93;60
39.96;60
39.99;60
40.02;60
40.05;60
40.08;60
40.11;60
40.14;60
40.17;60
40.2;60
40.23;60
40.26;60
40.29;60
40.32;60
40.35;60
40.38;60
40.41;60
40.44;60
40.47;60
40.5;60
40.53;60
40.56;60
40.59;60
40.62;60
40.65;60
40.68;60
40.71;60
40.74;60
40.77;60
40.8;60
40.83;60
40.86;60
40.89;60
40.92;60
40.95;60
40.98;60
41.01;60
41.04;60
41.07;60
41.1;60
41.13;60
41.16;60
41.19;60
41.22;60
41.25;60
41.28;60
41.31;60
41.34;60
41.37;60
41.4;60
41.43;60
41.46;60
41.49;60
41.52;60
41.55;59
41.58;59
41.61;59
41.64;59
41.67;59
41.7;59
41.73;59
41.76;59
41.79;59
41.82;59
41.85;59
41.88;59
41.91;59
41.94;59
41.97;59
42;59
42.03;59
42.06;59
42.09;59
42.12;59
42.15;59
42.18;59
42.21;59
42.24;59
42.27;59
42.3;59
42.33;59
42.36;59
42.39;59
42.42;59
42.45;59
42.48;59
42.51;59
42.54;59
42.57;59
42.6;59
42.63;59
42.66;59
42.69;59
42.72;59
42.75;59
42.78;59
42.81;59
42.84;59
42.87;59
42.9;59
42.93;59
42.96;59
42.99;59
43.02;59
43.05;59
43.08;59
43.11;59
43.14;59
43.17;59
43.2;59
43.23;59
43.26;59
43.29;59
43.32;59
43.35;59
43.38;59
43.41;59
43.44;59
43.47;59
43.5;59
43.53;59
43.56;59
43.59;59
43.62;59
43.65;59
43.68;59
43.71;59
43.74;59
43.77;59
43.8;59
43.83;59
43.86;59
43.89;59
43.92;59
43.95;59
43.98;59
44.01;59
44.04;59
44.07;59
44.1;60
44.13;60
44.16;60
44.19;60
44.22;60
44.25;60
44.28;60
44.31;60
44.34;60
44.37;60
44.4;60
44.43;60
44.46;60
44.49;60
44.52;60
44.55;60
44.58;60
44.61;60
44.64;60
44.67;60
44.7;60
44.73;60
44.76;60
44.79;60
44.82;60
44.85;60
44.88;60
44.91;60
44.94;60
44.97;60
45;60
45.03;60
45.06;60
45.09;60
45.12;60
45.15;60
45.18;60
45.21;60
45.24;60
45.27;60
45.3;60
45.33;60
45.36;60
45.39;60
45.42;60
45.45;60
45.48;60
45.51;60
45.54;60
45.57;60
45.6;60
45.63;60
45.66;60
45.69;60
45.72;60
45.75;60
45.78;60
45.81;60
45.84;60
45.87;60
45.9;60
45.93;60
45.96;60
45.99;60
46.02;60
46.05;60
46.08;60
46.11;60
46.14;60
46.17;60
46.2;60
46.23;60
46.26;60
46.29;60
46.32;60
46.35;60
46.38;60
46.41;60
46.44;60
46.47;60
46.5;60
46.53;60
46.56;60
46.59;60
46.62;60
46.65;60
46.68;60
46.71;60
46.74;60
46.77;60
46.8;60
46.83;60
46.86;60
46.89;60
46.92;60
46.95;60
46.98;60
47.01;60
47.04;60
47.07;60
47.1;60
47.13;60
47.16;60
47.19;60
47.22;60
47.25;60
47.28;60
47.31;60
47.34;60
47.37;60
47.4;60
47.43;60
47.46;60
47.49;60
47.52;60
47.55;60
47.58;60
47.61;60
47.64;60
47.67;60
47.7;60
47.73;60
47.76;60
47.79;60
47.82;60
47.85;60
47.88;60
47.91;60
47.94;60
47.97;60
48;60
48.03;60
48.06;60
48.09;60
48.12;60
48.15;60
48.18;60
48.21;60
48.24;60
48.27;60
48.3;60
48.33;60
48.36;60
48.39;60
48.42;60
48.45;60
48.48;60
48.51;60
48.54;60
48.57;60
48.6;60
48.63;60
48.66;60
48.69;60
48.72;60
48.75;60
48.78;60
48.81;60
48.84;60
48.87;60
48.9;60
48.93;60
48.96;60
48.99;60
49.02;60
49.05;60
49.08;60
49.11;60
49.14;60
49.17;60
49.2;60
49.23;60
49.26;60
49.29;60
49.32;60
49.35;60
49.38;60
49.41;60
49.44;60
49.47;60
49.5;60
49.53;60
49.56;60
49.59;60
49.62;60
49.65;60
49.68;60
49.71;60
49.74;60
49.77;60
49.8;60
49.83;60
49.86;60
49.89;60
49.92;60
49.95;60
49.98;60
50.01;60
50.04;60
50.07;60
50.1;60
50.13;60
50.16;60
50.19;60
50.22;60
50.25;60
50.28;60
50.31;60
50.34;60
50.37;60
50.4;60
50.43;60
50.46;60
50.49;60
50.52;60
50.55;60
50.58;60
50.61;60
50.64;60
50.67;60
50.7;60
50.73;60
50.76;60
50.79;60
50.82;60
50.85;60
50.88;60
50.91;60
50.94;60
50.97;60
51;60
51.03;60
51.06;60
51.09;60
51.12;60
51.15;60
51.18;60
51.21;60
51.24;60
51.27;60
51.3;60
51.33;60
51.36;60
51.39;60
51.42;60
51.45;60
51.48;60
51.51;60
51.54;60
51.57;60
51.6;60
51.63;60
51.66;60
51.69;60
51.72;60
51.75;60
51.78;60
51.81;60
51.84;60
51.87;60
51.9;60
51.93;60
51.96;60
51.99;60
52.02;60
52.05;60
52.08;60
52.11;60
52.14;60
52.17;60
52.2;60
52.23;60
52.26;60
52.29;60
52.32;60
52.35;60
52.38;60
52.41;60
52.44;60
52.47;60
52.5;60
52.53;60
52.56;60
52.59;60
52.62;60
52.65;60
52.68;60
52.71;60
52.74;60
52.77;60
52.8;60
52.83;60
52.86;60
52.89;60
52.92;60
52.95;60
52.98;60
53.01;60
53.04;60
53.07;60
53.1;60
53.13;60
53.16;60
53.19;60
53.22;60
53.25;60
53.28;60
53.31;60
53.34;60
53.37;60
53.4;60
53.43;60
53.46;60
53.49;60
53.52;60
53.55;60
53.58;60
53.61;60
53.64;60
53.67;60
53.7;60
53.73;60
53.76;60
53.79;60
53.82;60
53.85;60
53.88;60
53.91;60
53.94;60
53.97;60
54;60
54.03;60
54.06;60
54.09;60
54.12;60
54.15;60
54.18;60
54.21;60
54.24;60
54.27;60
54.3;60
54.33;60
54.36;60
54.39;60
54.42;60
54.45;60
54.48;60
54.51;60
54.54;60
54.57;60
54.6;60
54.63;60
54.66;60
54.69;60
54.72;60
54.75;60
54.78;60
54.81;60
54.84;60
54.87;60
54.9;60
54.93;60
54.96;60
54.99;60
55.02;60
55.05;60
55.08;60
55.11;60
55.14;60
55.17;60
55.2;60
55.23;60
55.26;60
55.29;60
55.32;60
55.35;60
55.38;60
55.41;60
55.44;60
55.47;60
55.5;60
55.53;60
55.56;60
55.59;60
55.62;60
55.65;60
55.68;60
55.71;60
55.74;60
55.77;60
55.8;60
55.83;60
55.86;60
55.89;60
55.92;60
55.95;60
55.98;60
56.01;60
56.04;60
56.07;60
56.1;60
56.13;60
56.16;60
56.19;60
56.22;60
56.25;60
56.28;60
56.31;60
56.34;60
56.37;60
56.4;60
56.43;60
56.46;60
56.49;60
56.52;60
56.55;60
56.58;60
56.61;60
56.64;60
56.67;60
56.7;60
56.73;60
56.76;60
56.79;60
56.82;60
56.85;60
56.88;60
56.91;60
56.94;60
56.97;60
57;60
57.03;60
57.06;60
57.09;60
57.12;60
57.15;60
57.18;60
57.21;60
57.24;60
57.27;60
57.3;60
57.33;60
57.36;60
57.39;60
57.42;60
57.45;60
57.48;60
57.51;60
57.54;60
57.57;60
57.6;60
57.63;60
57.66;60
57.69;60
57.72;60
57.75;60
57.78;60
57.81;60
57.84;60
57.87;60
57.9;60
57.93;60
57.96;60
57.99;60
58.02;60
58.05;60
58.08;60
58.11;60
58.14;60
58.17;60
58.2;60
58.23;60
58.26;60
58.29;60
58.32;60
58.35;60
58.38;60
58.41;60
58.44;60
58.47;60
58.5;60
58.53;60
58.56;60
58.59;60
58.62;60
58.65;60
58.68;60
58.71;60
58.74;60
58.77;60
58.8;60
58.83;60
58.86;60
58.89;60
58.92;60
58.95;60
58.98;60
59.01;60
59.04;60
59.07;60
59.1;60
59.13;60
59.16;60
59.19;60
59.22;60
59.25;60
59.28;60
59.31;60
59.34;60
59.37;60
59.4;60
59.43;60
59.46;60
59.49;60
59.52;60
59.55;60
59.58;60
59.61;60
59.64;60
59.67;60
59.7;60
59.73;60
59.76;60
59.79;60
59.82;60
59.85;60
59.88;60
59.91;60
59.94;60
59.97;60
60;60
60.03;60
60.06;60
60.09;60
60.12;60
60.15;60
60.18;60
60.21;60
60.24;60
60.27;60
60.3;60
60.33;60
60.36;60
60.39;60
60.42;60
60.45;60
60.48;60
60.51;60
60.54;60
60.57;60
60.6;60
60.63;60
60.66;60
60.69;60
60.72;60
60.75;60
60.78;60
60.81;60
60.84;60
60.87;61
60.9;61
60.93;61
60.96;61
60.99;61
61.02;61
61.05;61
61.08;61
61.11;61
61.14;61
61.17;61
61.2;61
61.23;61
61.26;61
61.29;61
61.32;61
61.35;61
61.38;61
61.41;61
61.44;61
61.47;61
61.5;61
61.53;61
61.56;61
61.59;61
61.62;61
61.65;61
61.68;61
61.71;61
61.74;61
61.77;61
61.8;61
61.83;61
61.86;61
61.89;61
61.92;61
61.95;61
61.98;61
62.01;61
62.04;61
62.07;61
62.1;61
62.13;61
62.16;61
62.19;61
62.22;61
62.25;61
62.28;61
62.31;61
62.34;61
62.37;61
62.4;61
62.43;61
62.46;61
62.49;61
62.52;61
62.55;61
62.58;61
62.61;61
62.64;61
62.67;61
62.7;61
62.73;61
62.76;61
62.79;62
62.82;62
62.85;62
62.88;61
62.91;61
62.94;61
62.97;61
63;61
63.03;61
63.06;61
63.09;61
63.12;62
63.15;62
63.18;62
63.21;62
63.24;62
63.27;62
63.3;62
63.33;62
63.36;62
63.39;62
63.42;62
63.45;62
63.48;62
63.51;62
63.54;62
63.57;62
63.6;62
63.63;62
63.66;62
63.69;62
63.72;62
63.75;62
63.78;62
63.81;62
63.84;61
63.87;61
63.9;61
63.93;61
63.96;61
63.99;61
64.02;61
64.05;62
64.08;62
64.11;62
64.14;62
64.17;62
64.2;62
64.23;62
64.26;62
64.29;62
64.32;62
64.35;62
64.38;62
64.41;62
64.44;62
64.47;62
64.5;62
64.53;62
64.56;62
64.59;62
64.62;62
64.65;62
64.68;62
64.71;62
64.74;62
64.77;62
64.8;62
64.83;62
64.86;62
64.89;62
64.92;62
64.95;62
64.98;62
65.01;62
65.04;62
65.07;62
65.1;62
65.13;62
65.16;62
65.19;62
65.22;62
65.25;62
65.28;62
65.31;62
65.34;62
65.37;62
65.4;62
65.43;62
65.46;62
65.49;62
65.52;62
65.55;62
65.58;62
65.61;62
65.64;62
65.67;62
65.7;62
65.73;62
65.76;62
65.79;62
65.82;62
65.85;62
65.88;62
65.91;62
65.94;62
65.97;62
66;62
66.03;62
66.06;61
66.09;61
66.12;61
66.15;61
66.18;61
66.21;61
66.24;61
66.27;61
66.3;61
66.33;61
66.36;61
66.39;61
66.42;61
66.45;61
66.48;61
66.51;61
66.54;61
66.57;61
66.6;61
66.63;61
66.66;61
66.69;61
66.72;61
66.75;61
66.78;61
66.81;61
66.84;61
66.87;61
66.9;61
66.93;61
66.96;61
66.99;61
67.02;61
67.05;61
67.08;61
67.11;61
67.14;61
67.17;61
67.2;61
67.23;61
67.26;61
67.29;61
67.32;61
67.35;61
67.38;61
67.41;61
67.44;61
67.47;61
67.5;61
67.53;61
67.56;61
67.59;61
67.62;61
67.65;61
67.68;61
67.71;61
67.74;61
67.77;61
67.8;61
67.83;61
67.86;61
67.89;61
67.92;61
67.95;61
67.98;61
68.01;61
68.04;61
68.07;61
68.1;61
68.13;61
68.16;61
68.19;61
68.22;61
68.25;61
68.28;61
68.31;61
68.34;61
68.37;61
68.4;61
68.43;61
68.46;61
68.49;61
68.52;61
68.55;61
68.58;61
68.61;61
68.64;61
68.67;61
68.7;61
68.73;61
68.76;61
68.79;61
68.82;61
68.85;61
68.88;61
68.91;61
68.94;61
68.97;61
69;61
69.03;61
69.06;61
69.09;61
69.12;61
69.15;61
69.18;61
69.21;61
69.24;61
69.27;61
69.3;61
69.33;61
69.36;61
69.39;61
69.42;61
69.45;61
69.48;61
69.51;61
69.54;61
69.57;61
69.6;61
69.63;61
69.66;61
69.69;61
69.72;61
69.75;61
69.78;61
69.81;61
69.84;61
69.87;61
69.9;61
69.93;61
69.96;61
69.99;61
70.02;61
70.05;61
70.08;61
70.11;61
70.14;61
70.17;61
70.2;61
70.23;61
70.26;61
70.29;61
70.32;61
70.35;61
70.38;61
70.41;61
70.44;61
70.47;61
70.5;61
70.53;61
70.56;61
70.59;61
70.62;61
70.65;61
70.68;61
70.71;61
70.74;61
70.77;61
70.8;61
70.83;61
70.86;61
70.89;61
70.92;61
70.95;61
70.98;61
71.01;61
71.04;61
71.07;61
71.1;61
71.13;61
71.16;61
71.19;61
71.22;61
71.25;61
71.28;61
71.31;61
71.34;61
71.37;61
71.4;61
71.43;61
71.46;61
71.49;61
71.52;61
71.55;61
71.58;61
71.61;61
71.64;61
71.67;61
71.7;61
71.73;61
71.76;61
71.79;61
71.82;61
71.85;61
71.88;61
71.91;61
71.94;61
71.97;61
72;61
72.03;61
72.06;61
72.09;61
72.12;61
72.15;61
72.18;61
72.21;61
72.24;61
72.27;61
72.3;61
72.33;61
72.36;61
72.39;61
72.42;61
72.45;61
72.48;61
72.51;61
72.54;61
72.57;61
72.6;61
72.63;61
72.66;61
72.69;61
72.72;61
72.75;61
72.78;61
72.81;61
72.84;61
72.87;61
72.9;61
72.93;61
72.96;61
72.99;61
73.02;61
73.05;61
73.08;61
73.11;61
73.14;61
73.17;61
73.2;61
73.23;61
73.26;61
73.29;61
73.32;61
73.35;61
73.38;61
73.41;61
73.44;61
73.47;61
73.5;61
73.53;61
73.56;61
73.59;61
73.62;61
73.65;61
73.68;61
73.71;61
73.74;61
73.77;61
73.8;61
73.83;61
73.86;61
73.89;61
73.92;61
73.95;61
73.98;61
74.01;61
74.04;61
74.07;61
74.1;61
74.13;61
74.16;61
74.19;61
74.22;61
74.25;61
74.28;61
74.31;61
74.34;61
74.37;61
74.4;61
74.43;61
74.46;61
74.49;61
74.52;61
74.55;61
74.58;61
74.61;61
74.64;61
74.67;61
74.7;61
74.73;61
74.76;61
74.79;61
74.82;61
74.85;61
74.88;61
74.91;61
74.94;61
74.97;61
75;61
75.03;61
75.06;61
75.09;61
75.12;61
75.15;61
75.18;60
75.21;60
75.24;60
75.27;60
75.3;60
75.33;60
75.36;60
75.39;60
75.42;60
75.45;60
75.48;60
75.51;60
75.54;60
75.57;60
75.6;60
75.63;60
75.66;60
75.69;60
75.72;60
75.75;60
75.78;60
75.81;60
75.84;60
75.87;60
75.9;60
75.93;60
75.96;60
75.99;60
76.02;60
76.05;60
76.08;60
76.11;60
76.14;60
76.17;60
76.2;60
76.23;60
76.26;60
76.29;60
76.32;60
76.35;60
76.38;60
76.41;60
76.44;60
76.47;60
76.5;60
76.53;60
76.56;60
76.59;60
76.62;60
76.65;60
76.68;60
76.71;60
76.74;60
76.77;60
76.8;60
76.83;60
76.86;60
76.89;60
76.92;60
76.95;60
76.98;60
77.01;60
77.04;60
77.07;60
77.1;60
77.13;60
77.16;60
77.19;60
77.22;60
77.25;60
77.28;60
77.31;60
77.34;60
77.37;60
77.4;60
77.43;60
77.46;60
77.49;60
77.52;60
77.55;60
77.58;60
77.61;60
77.64;60
77.67;60
77.7;60
77.73;60
77.76;60
77.79;60
77.82;60
77.85;60
77.88;60
77.91;60
77.94;60
77.97;60
78;60
78.03;60
78.06;60
78.09;60
78.12;60
78.15;60
78.18;60
78.21;60
78.24;60
78.27;60
78.3;60
78.33;60
78.36;60
78.39;60
78.42;60
78.45;60
78.48;60
78.51;60
78.54;60
78.57;60
78.6;60
78.63;60
78.66;60
78.69;60
78.72;60
78.75;60
78.78;60
78.81;60
78.84;60
78.87;60
78.9;60
78.93;60
78.96;60
78.99;60
79.02;60
79.05;60
79.08;60
79.11;60
79.14;60
79.17;60
79.2;60
79.23;60
79.26;60
79.29;60
79.32;60
79.35;60
79.38;60
79.41;60
79.44;60
79.47;60
79.5;60
79.53;60
79.56;60
79.59;60
79.62;60
79.65;60
79.68;60
79.71;60
79.74;60
79.77;60
79.8;60
79.83;60
79.86;60
79.89;60
79.92;60
79.95;60
79.98;60
80.01;60
80.04;60
80.07;60
80.1;60
80.13;60
80.16;60
80.19;60
80.22;60
80.25;60
80.28;60
80.31;60
80.34;60
80.37;60
80.4;60
80.43;60
80.46;60
80.49;60
80.52;60
80.55;60
80.58;60
80.61;60
80.64;60
80.67;60
80.7;60
80.73;60
80.76;60
80.79;60
80.82;60
80.85;60
80.88;60
80.91;60
80.94;60
80.97;60
81;60
81.03;60
81.06;60
81.09;60
81.12;60
81.15;60
81.18;60
81.21;60
81.24;60
81.27;60
81.3;60
81.33;60
81.36;60
81.39;60
81.42;60
81.45;60
81.48;60
81.51;60
81.54;60
81.57;60
81.6;60
81.63;60
81.66;60
81.69;60
81.72;60
81.75;60
81.78;60
81.81;60
81.84;60
81.87;60
81.9;60
81.93;60
81.96;60
81.99;60
82.02;60
82.05;60
82.08;60
82.11;60
82.14;60
82.17;60
82.2;60
82.23;60
82.26;60
82.29;60
82.32;60
82.35;60
82.38;60
82.41;60
82.44;60
82.47;60
82.5;60
82.53;60
82.56;60
82.59;60
82.62;60
82.65;60
82.68;60
82.71;60
82.74;60
82.77;60
82.8;60
82.83;60
82.86;60
82.89;60
82.92;60
82.95;60
82.98;60
83.01;60
83.04;60
83.07;60
83.1;60
83.13;60
83.16;60
83.19;60
83.22;60
83.25;60
83.28;60
83.31;60
83.34;60
83.37;60
83.4;60
83.43;60
83.46;60
83.49;60
83.52;60
83.55;60
83.58;60
83.61;60
83.64;60
83.67;60
83.7;60
83.73;60
83.76;60
83.79;60
83.82;60
83.85;60
83.88;60
83.91;60
83.94;60
83.97;60
84;60
84.03;60
84.06;60
84.09;60
84.12;60
84.15;60
84.18;60
84.21;60
84.24;60
84.27;60
84.3;60
84.33;60
84.36;60
84.39;60
84.42;60
84.45;60
84.48;60
84.51;60
84.54;60
84.57;60
84.6;60
84.63;60
84.66;60
84.69;60
84.72;60
84.75;60
84.78;60
84.81;60
84.84;60
84.87;60
84.9;60
84.93;60
84.96;60
84.99;60
85.02;60
85.05;60
85.08;60
85.11;60
85.14;60
85.17;60
85.2;60
85.23;60
85.26;60
85.29;60
85.32;60
85.35;60
85.38;60
85.41;60
85.44;60
85.47;60
85.5;60
85.53;60
85.56;60
85.59;60
85.62;60
85.65;60
85.68;60
85.71;60
85.74;60
85.77;60
85.8;60
85.83;60
85.86;60
85.89;60
85.92;60
85.95;60
85.98;60
86.01;60
86.04;60
86.07;60
86.1;60
86.13;60
86.16;60
86.19;60
86.22;60
86.25;60
86.28;60
86.31;60
86.34;60
86.37;60
86.4;60
86.43;60
86.46;60
86.49;60
86.52;60
86.55;60
86.58;60
86.61;60
86.64;60
86.67;60
86.7;60
86.73;60
86.76;60
86.79;60
86.82;60
86.85;60
86.88;60
86.91;60
86.94;60
86.97;60
87;60
87.03;60
87.06;60
87.09;60
87.12;60
87.15;60
87.18;60
87.21;60
87.24;60
87.27;60
87.3;60
87.33;60
87.36;60
87.39;60
87.42;60
87.45;60
87.48;60
87.51;60
87.54;60
87.57;60
87.6;60
87.63;60
87.66;60
87.69;60
87.72;60
87.75;60
87.78;60
87.81;60
87.84;60
87.87;60
87.9;60
87.93;60
87.96;60
87.99;60
88.02;60
88.05;60
88.08;60
88.11;60
88.14;60
88.17;60
88.2;60
88.23;60
88.26;60
88.29;60
88.32;60
88.35;60
88.38;60
88.41;60
88.44;60
88.47;60
88.5;60
88.53;60
88.56;60
88.59;60
88.62;60
88.65;60
88.68;60
88.71;60
88.74;60
88.77;60
88.8;60
88.83;60
88.86;60
88.89;60
88.92;60
88.95;60
88.98;60
89.01;60
89.04;60
89.07;60
89.1;60
89.13;60
89.16;60
89.19;60
89.22;60
89.25;60
89.28;60
89.31;60
89.34;60
89.37;60
89.4;60
89.43;60
89.46;60
89.49;60
89.52;60
89.55;60
89.58;60
89.61;60
89.64;60
89.67;60
89.7;60
89.73;60
89.76;60
89.79;60
89.82;60
89.85;60
89.88;60
89.91;60
89.94;60
89.97;60
90;60
90.03;60
90.06;60
90.09;60
90.12;60
90.15;60
90.18;60
90.21;60
90.24;60
90.27;60
90.3;60
90.33;60
90.36;60
90.39;60
90.42;60
90.45;60
90.48;60
90.51;60
90.54;60
90.57;60
90.6;60
90.63;60
90.66;60
90.69;60
90.72;60
90.75;60
90.78;60
90.81;60
90.84;60
90.87;60
90.9;60
90.93;60
90.96;60
90.99;60
91.02;60
91.05;60
91.08;60
91.11;60
91.14;60
91.17;60
91.2;60
91.23;60
91.26;60
91.29;60
91.32;60
91.35;60
91.38;60
91.41;60
91.44;60
91.47;60
91.5;60
91.53;60
91.56;60
91.59;61
91.62;61
91.65;61
91.68;61
91.71;61
91.74;61
91.77;61
91.8;61
91.83;61
91.86;61
91.89;61
91.92;61
91.95;61
91.98;61
92.01;61
92.04;61
92.07;61
92.1;61
92.13;61
End of File
